0.25160557338712397
0.12936444926715424
0.2111858451089657
0.7219173545785034
0.1559565912465856
0.17663600693564657
1.2595661330630885
0.09814131129912584
0.05724852294462751
2.431223751716304
0.06650741638131392
0.13917260004680537
0.19171678041815468
0.2242323948625582
0.05666100791914654
0.37483279420741783
1.2662875057116774
0.18090904911940017
0.12784321428294265
0.29410521684468216
0.08076965317309524
0.054023553645038525
0.9922214820914445
0.08124623542122046
0.0955269045030241
0.18252918166906174
0.032899169371439344
0.039077971349418476
0.136983138779057
0.028505354322796023
0.14924141488459206
0.00951822184616735
0.09273482960554161
0.05603695983698054
0.03973727015922089
0.04154661423626618
0.05382049213724429
3.133482937918482
0.32370621403078903
0.6764551642840531
4.810143139909329
2.1968345184229063
1.1869421705462142
2.20067151472189
1.1999228997349571
0.6377050567497358
0.8289825048420838
0.6952000588063999
0.4151882777133462
2.446715877026032
1.800041953386946
1.0445428404349493
6.014502596046189
3.1554077848750217
0.9020112073365972
0.5372912787969086
4.254479675785687
2.7358420708985163
1.6275459396287801
1.4168427010087035
0.4637909496843748
0.24936244229043059
0.6327359156469538
0.9167649376802572
0.18245684109896426
3.2829547202475795
5.987434866589342
6.114626352810538
3.438317244874514
4.6599356668105765
5.0105583222748065
4.790630617783238
3.3843483226321944
3.03676896231842
3.215020695346454
1.8422255768340203
1.7755037180572242
0.1511818965650154
0.04442524100961388
0.08662339300329666
0.09691814491967335
0.03052293627223456
0.060122931900940556
1.0068132210906255
0.7913579770106928
0.16863264281855786
1.1411512544091815
0.3086454601463028
0.17788177492132978
0.6776177012836573
0.19178124073575498
0.2936993824495864
0.14049465106660664
0.11940187789691384
0.18665831779911884
0.475046144164201
0.43574827082748896
0.8906218834891696
0.13821926535096657
0.6400769680722656
0.5639019985912747
0.5488351079845625
2.5037204924275462
2.677447039552196
0.34987010684022957
0.06646464656643591
0.08654845596254879
0.0624402575357462
0.12022714094328027
0.10716031382448635
0.043098742303900324
0.04909865917476872
0.09909424054637819
0.18293093264890323
0.13726789857126698
0.05581568063675516
0.0840566010753794
0.6586085685886974
0.12973027859983013
0.07932871952763083
0.2787587443838192
0.3258847175362286
0.27908915793686456
0.11335147473090687
0.14540805785521843
0.352801122705797
0.09316370433988276
0.3663782219058172
1.2265107861930324
0.25953897705896745
0.12180559985547561
0.12637939825048394
0.3201676589050188
0.1102382041762758
0.2372128947372834
0.18174170812266072
0.13686909042765544
0.1627266958522336
0.7612534858382265
0.2374188231741452
0.7010944078502955
1.6097077350211362
0.3288250079524374
0.24248756328845494
0.13755595462268147
0.126185580668639
0.08805682900342067
0.051176177724785575
0.08774589114235662
0.15588669925795867
0.21702010231180963
0.09284209820322151
0.18196345439484415
0.05741409369486098
0.03196327068588036
0.03755593773597746
0.2143365234510617
0.6364919927995686
0.3452354008736612
0.26341050242489983
0.04437032111473001
0.07481040513552592
0.06495442437688109
0.2566685716710214
0.13853776662738815
0.2555257651027115
0.317510526829597
0.1638448443372306
0.9123248434913093
0.12347048872753678
0.05945153489921693
0.13312665752228475
0.279587798660554
0.20465896599382655
0.13406673229379976
0.3438545083651439
0.37551774587922415
0.08378929372721765
0.25758566903594565
0.43433615108350265
0.16489355880283985
1.8159640765455904
0.2302528265640526
0.09133223600249904
0.6291676651330735
0.27456347302722317
0.03711375050731688
0.035595128845755136
0.04412760367070814
0.07476072655504308
0.1108438198644118
0.0709592098076215
0.09712375114794522
0.11258025453083018
0.06427934516547669
0.04057761399236752
0.13700868097097157
0.11144020447486067
0.1870868509892279
0.1324160217283022
0.8346307299733551
2.563309338979176
2.393501926453458
0.5550015861450472
0.0928261667090472
0.2327447058848894
0.7857085605730145
0.7618904661785466
0.297025961211561
2.567479811975252
0.58663614911311
0.02441387728196322
0.05983221069818147
0.6448725415873529
2.4312452197038903
2.04292470673389
0.9082585099181983
0.06384345025454782
0.5463255386089021
0.8985280745450239
0.5274982348721283
0.38733023776889197
3.05830353973548
0.8604291624113826
0.07045542820069717
0.09278021214511192
1.3337413699556506
0.47848819552251054
1.0482635544113943
0.09072381204013459
0.051647730526633615
1.4454407535474179
1.139987242339614
1.180336108861314
2.1101637162707876
0.08549915042699782
0.17469118433847536
0.08345066652892301
0.08150985706290025
0.25272542508284196
0.08420193427126443
0.06943658805832373
0.07957915527970141
0.09915974759609288
0.34731651431456967
0.07635069822240922
0.1316562715000343
0.11895658241821902
0.1834953548244937
0.1024184950357919
0.025740940125880678
0.07356683699334904
0.8243374950404464
0.12953661238986938
0.25588158566544
0.121808646999727
0.04861229977214396
0.5333414324631148
0.18001053074474163
0.1427732539154146
0.13816477534818103
0.0859510639243702
0.1100877068719309
0.08280994011194596
0.06794883586063016
0.8253487878468755
0.08648491124648855
0.051326373250855206
1.1676788846637265
0.19239266471732847
0.12390144255692573
1.4330552772859442
0.07463452711529435
0.11032415726803721
3.248816106755984
0.22113864860868956
0.2702477209118736
0.051894671957807816
0.015378481133934826
0.03293561349823923
0.43757293429033195
1.3269466355561186
0.1156825609228141
0.1800394089574739
0.41211029802811555
0.10354228654044484
0.10609588638451514
2.337833860579586
0.314053063820368
0.08097783554549123
0.5467455711728262
0.7091234627064384
0.13002498279260885
0.19334895128223883
0.9583693341628194
2.416060002349886
0.5288413073472125
0.336431211162958
0.5280932977839642
0.4539062686810012
0.2756099118314554
0.45426433680143974
2.545420467964242
0.17413424631168647
0.0841849072141019
0.04486881816075177
0.07508635955701153
0.07335339822475741
0.04043921306261136
0.06425693772821081
2.7207091155862964
0.06682787749063905
0.14184691839077312
0.05877726301211565
1.352832082988863
0.08278039694094959
0.43413065430568765
0.18363851344518117
0.1506235593347178
0.14220672434480774
0.0549107240067077
0.05373911834971941
0.06343648691712449
0.05047185952813843
0.1541201524197684
0.18915172100131167
0.046520866690202355
0.02645368756676812
0.10860039916324656
0.15778526629510803
0.5190055298304632
0.0801088168085887
0.3199950208253026
0.1276596987477002
0.0621775496748078
0.11813724819686248
0.039398702761511604
0.02150316211092034
0.2297543079149194
0.6748920776197058
0.07630806112646815
0.045560114902936995
0.08519938964061005
0.09206923329789768
0.8305488545857347
0.433571727004055
0.2316645514658394
1.0926576942131392
0.8509119617905
0.3641811733552057
0.9722388813462801
1.023500199640917
0.2066753561900451
1.0447121265290575
0.3106767479073098
0.1939489842052926
0.03235647556367024
0.03934213073991104
0.04266796351413195
2.539544027098808
0.5573211545796279
0.7432603834826242
0.3571256174171477
0.6566841299022876
0.1750877958573716
0.17384052055936033
1.148352920558786
0.3903344790601001
0.11844325603729582
2.952197580989934
0.10058922278301807
0.3265980455415266
0.13223054537834605
0.05748454310495839
0.278521026278297
0.1760923083676352
0.029947426006296705
0.2890318190623956
0.2855946828639032
0.15455325610581522
0.28850085081687604
1.509332774336081
0.4840758129040818
0.24250926131401945
0.08301381110508929
0.14717345737911422
0.18052892409657292
0.0776830922014081
0.02861174763719252
0.9409401352216606
0.13089214156753498
0.4406561262269668
0.06971483347991302
0.7348325261929426
0.15219291456957257
0.18296111985961422
0.21042027821253223
0.23522633144630528
0.12167917663488784
0.08906443067344304
0.12020636551134059
0.20342647181550683
0.041425707686894075
0.9123300641357691
0.6460752900363927
0.0822012140026823
0.13120971761544556
0.6716353103456597
0.3168835826073385
0.27123469106310477
0.1850607850427474
0.568464109258274
0.5230582566802144
0.15293436552281311
0.17348840048033248
0.10086545809581696
0.05761772969426893
0.12654998069392565
1.039620590121332
0.3544631006509608
0.0927153959578511
0.3449689233409735
0.26957020703873935
0.10753351004170034
0.12082885041016544
0.20610903522827914
0.19017718324869679
0.1627516240602352
0.7793074576324109
0.181148134968904
0.16162227852571792
0.3905579624670434
0.2696879284784348
0.5598091886579519
3.4220320208786155
0.19100355136268682
0.07357902299903386
0.06815816039067611
1.8461098554906878
0.2502647081708584
0.22594087688631298
0.6980435720609244
1.79988299828511
0.11378665211615599
1.9003623257839237
0.19185001868404633
0.15940060997668512
0.2171210594893263
2.0875394703055363
2.0922400441283258
4.238684028262606
0.20933506526700882
0.1784435893684823
0.25474905673477244
0.1611328628493324
0.173099303393699
0.9131406681455934
1.541923405754409
1.085748734297471
1.1138854750802456
0.2578560565736152
0.3485756801579948
0.37451140008177214
0.19251118586115626
0.12084139103219205
0.2315449719414958
0.24421014298233076
0.06553104226563838
1.9357274811380598
0.19882650969456317
0.14740681794368932
1.792370380228754
0.35217124936814737
0.2941284451790038
0.721575886221488
0.15985894132897988
1.9224734609262861
1.8888685303362742
0.15323810271662192
0.12090771534910152
0.07460208399290066
0.06569331553269431
2.2122213488613722
0.11900563034665394
0.1828945013480336
0.12573937609862892
0.3562676364262128
1.9099778640597278
3.99992769126841
0.18796832455517493
0.2506350816201278
0.12889311518843607
0.06973782430475747
0.14082068625319522
0.11921539852511001
0.15204640233492958
4.014275756687984
0.30675670844193964
3.453666066911788
3.049195200067448
0.7488297295535334
0.14657029024172533
1.528623924910106
5.5511598656413055
3.9946397082062517
4.411897522758859
0.1888917723556038
1.9228463494725059
5.673344599258736
5.562453693481558
2.561244972192992
0.3656732802496794
3.2527681582515755
0.3462690795788732
0.3366908342965218
3.8596804969231577
4.513366775950095
0.9308174628880206
1.0179174284833628
0.12164728006460487
2.155027659788436
10.075231010765417
0.24705041844055073
7.678346517105146
0.19505450325153
0.2179913928671738
0.8875658780540826
0.3851259039920552
6.942304499949951
0.23819670687371902
0.18645279437933598
3.333312335534918
0.305201176527969
5.234933805497262
10.200779164071939
3.4561343055886624
3.4622678066954258
0.9735721818196718
1.4335555266540279
0.325118394924543
0.18737865318332636
10.39213393389332
5.243241962771088
3.795592076488404
12.10013324202998
3.269276563962458
9.006715025076918
7.11723858881294
6.96556644135581
10.073027355850268
0.41881746527059016
0.457144411474932
0.39177188272003544
0.3466227596184588
0.14232664721637028
0.26736626758408544
0.22933928987039698
0.15393989447719178
3.436131412162864
3.527347284779342
2.702031291985622
