0.09411710985267199
0.48193121550885093
0.11480563393227627
1.821142036696888
0.256990258831577
0.15083995782440934
1.9241068178834262
0.3537954499524248
0.12985949247664452
6.275628069515925
0.10442274779963986
0.06597355373733885
0.1819021651925533
0.12509857776862662
0.20159936848436905
0.3548886215426229
9.00295457661228
0.2735931310612684
0.1450169620963584
0.4368562910803465
0.26420494079962875
0.05563797854650192
1.6647301124002918
0.1643392281227488
0.20393112218559933
0.08177192442731174
0.027907237041201544
0.12990574637565339
0.2816696238852658
0.13958537201666066
0.042601658461749105
0.015163315963458846
0.046544809599750596
0.05947335825772928
0.06856074823011749
0.1607160950887712
0.04862248385869534
3.3070600695292383
0.7397931847109938
0.5611481452376667
6.064216541365589
2.92924618201033
1.767498239018396
0.73084354692403
0.9329475629867758
0.43769601272921443
0.4056982087701278
0.37447985715325266
0.20561484485820677
7.576287431090691
2.800721395289524
0.9773973216325273
14.135594768361178
4.14909584056584
0.9160297776139232
0.9802818141373333
7.018362190439035
4.925044896950007
1.283976619285131
0.2719681965681772
0.4003377337806896
0.35330016326852565
0.767643307889316
0.9416531709266905
0.100557481698531
2.1473588097201404
3.2107469364296
3.677916533401882
4.099893473886399
3.787879040663012
5.600628635188668
3.4883753779073885
3.138256715805246
4.564113664126254
3.9414879113847037
1.263868223779936
2.418237068815256
0.1369384643024242
0.07121211689013993
0.41871410615356036
0.11749476753920189
0.051567613239354285
0.08606570342984478
3.9318073406647662
0.9329757833686688
0.1788817521594887
4.322252774862992
2.088432112182228
1.34895077003377
1.7047386873051522
0.13120928717780203
0.32067226876480803
0.239659321916674
0.21065748657139788
0.1826514047787495
3.2451794546224355
4.119461795075658
5.00773218703017
0.22242280054048652
3.76520211902445
2.384979065053572
0.19790728100129973
4.360306486211776
1.232606613153364
0.2386793212392268
0.2140083078003984
0.04326141114500847
0.07974462908771804
0.07541913519763607
0.03626391976121207
0.0622381336456599
0.0688821858700382
0.19384893831837327
0.09448386858261736
0.18798179997916178
0.11117971693023969
0.06701036122630646
0.41328191223478505
0.09002366639940333
0.17144643143846458
0.4097291337208218
0.2083232709948542
0.2430811863710698
0.39976382930806337
0.1967282062209807
0.3475422093207307
0.21130247076578698
0.2875712790509388
0.860126656032115
0.5454737802581032
0.12636113132856616
0.3141439939728591
0.42426376270851396
0.15221805646253184
0.262425480515022
0.2629906159582117
0.2558468187292752
0.2030111648782773
0.5869713272942227
0.28707038648809674
0.3201324597307422
1.1086064774470121
0.5704167914825558
0.23303666430431869
0.15388086619986902
0.1469162275300896
0.04182595972222709
0.04315664334323778
0.1132045458269724
0.324845663561654
0.2125380657716654
0.1330429426107748
0.15672830302923876
0.20462178118686558
0.08207038861312052
0.09792732205252452
0.38703712808663737
0.4639021000921062
0.4751892613710876
1.216011739728669
0.13774311027460595
0.0906672851631433
0.05228296059861328
0.6997225141384809
0.1089781674328747
0.13948642720972765
0.5930179825290723
0.12175002403285777
2.495047529234128
0.18614937437010962
0.108011300985134
0.10274614844184218
0.33698201721757565
0.2560542840210164
0.15974113880681468
1.412669350940398
0.5664450359168296
0.23338848182613173
1.0741434544195645
2.630122278565044
0.11248595261532834
4.5952641230033064
0.14706656217712646
0.0523008131031135
0.392728955017225
0.28795973108517836
0.03513456447886498
0.08474732886479713
0.0920921068169733
0.1768031024309203
0.0491490109534443
0.10007945594994191
0.08771069392620867
0.11201464516378387
0.1508070821291642
0.06585604216735756
0.1256154492787134
0.1752287490615746
0.3015283895610268
0.2470664845918082
0.4749876543496564
5.80959409878995
6.923115907913504
1.499428120452707
0.062714225256012
0.5066366704058117
0.6230105879968881
0.5941387525941265
0.1102069727003357
2.2522734832178157
1.2378578005687664
0.056492496996524456
0.165957026008279
1.2287390291444844
8.534923856497574
4.2451187873439
1.8763429497354955
0.058928897427775705
0.4659216953288932
1.3653651229158719
1.392645672216276
0.14361745269046616
2.5997646108275236
0.469423369699722
0.06425814524948974
0.1765203054962518
4.341352046862992
1.4623839718393925
4.551429310387556
0.18161371640728768
0.07233209559088112
3.0087206206141524
2.7866164785325283
1.195594057171985
1.689734764142624
0.11338684763317983
0.13135161766133832
0.07768798884283526
0.09199569468684339
0.19984436750235446
0.10071482410795259
0.0682245909729079
0.11955900539228774
0.13215627235559246
0.11857772965362896
0.12377546681390246
0.15476538415008384
0.12980393019417694
0.33432624398218513
0.16547581461764072
0.10951824703876109
0.11395650000354099
1.2227747880790019
0.2495002992528467
0.16061277334439553
0.13609274482029227
0.060573099470942394
0.6163935173836432
0.12523567051955237
0.09004764901226514
0.10476766139226175
0.03816855597271347
0.16073538030730755
0.07903301791335708
0.07322430623909001
2.0618699501617224
0.11084461724502193
0.09800398431490961
1.7989851380156616
0.48525964205908123
0.3771652681636606
1.6336713947578758
0.195496815750685
0.20670048437200123
2.207581141523796
0.5499517634651927
0.444718953509574
0.0499099900564488
0.05605687048947276
0.06037188373292799
0.3058085610787102
3.5301662810514642
0.3659366794705712
0.19619722315622537
0.5169415139947228
0.06886936847908057
0.14165153388017435
2.210647947518
0.07597613239236764
0.14615321485447957
0.24129975347326002
0.5724388842236378
0.15455996009177317
0.23751893311992242
0.47080014169844403
2.6683028456501163
0.7302338134265289
0.625023910408985
0.9900394515037514
0.6686007793224366
0.46938268127107163
0.6840221729632184
2.85223779897517
0.34427451167690826
0.10704530437548616
0.041056697689151656
0.2527267458469747
0.12221788514482294
0.06714126926220879
0.09223527647860215
3.6624004077578176
0.14050852174865763
0.12682359302561022
0.07752983243472168
3.8093984795190026
0.0934129098308895
0.3477420797356148
0.5075363568971208
0.1671671210813212
0.2988259359636318
0.08619419839061251
0.07578356874406238
0.09535596889120973
0.04020720814726977
0.48967835516724134
0.32052618273381256
0.15373918997151317
0.09651590399994588
0.4721711633335602
0.25446743270805405
0.7953532487478403
0.23044590547299765
0.3887142473749451
0.18802336839296632
0.17982855577498305
0.11223977777316589
0.09407228807237444
0.1674786328588434
0.4160249691571473
0.746484667142741
0.1335283655821055
0.09982887580418225
0.13587028927311176
0.3674515670316848
1.0035255904357112
0.8283775718073816
0.311537875564321
1.466109608946788
0.7307161995481982
0.5789585798502559
4.848973956793436
1.489690883573196
0.47613277085245354
2.551906234987706
1.524606347507618
0.2545050536027544
0.06751387675194667
0.06276182393307443
0.11772677144803234
4.119685738747817
3.368897912512574
2.4383509190350745
0.3431451545670656
0.14504301137853332
0.34970487694770014
0.2831425258516492
1.217655523227038
0.1070647530416454
0.18087008990180306
1.80176192480763
0.2033108910808544
0.35464876016057323
0.22182300207642677
0.19441188732948186
0.27325145666152995
0.19014776062670657
0.11748797158395763
0.3248827499061144
0.5335278653286151
0.37177425979962175
0.14039794822990537
6.892194526412749
1.721953971195062
0.2818006002989108
0.09889529439246507
0.25484913623770605
0.10898761519989168
0.1090868570028942
0.11219784185503108
3.6310653109493267
0.2649828871745444
0.2449324973867447
0.14416531053327747
6.051397276952224
0.13882058392584443
0.16908654618311292
0.34027045475510753
0.4048779569194522
0.25606461807483666
0.1812126327996454
0.236989248716391
0.1169276346865035
0.06235345144841732
1.58391731117574
0.5943780033833566
0.3145156816658036
0.07647531497061708
0.5617637954701454
0.20644829256054184
0.16412039624639022
0.25745808995219643
0.685274651964106
0.4296305342638786
0.3763744545747656
0.21651353511701665
0.22459833244283497
0.09901519983804821
0.2475146304359866
1.5156573395856436
0.2547579928831336
0.24058176415646412
0.504454872158332
0.38882921333948745
0.34819549113480963
0.22362473135345812
0.2659172639942657
0.26993782413791256
0.6881573102260383
0.6377695623837148
0.32410526380903504
0.21703680877763523
0.29652288169669483
0.38027880500418704
1.5389311164340747
1.9061259987168164
0.0890550368812317
0.14270631950435836
0.23051704031714504
0.1731786384062817
0.44245489233608704
0.2858573367683734
0.45076819086209385
0.1914571247346609
0.18492915198820623
0.13772743219418165
0.22993827671756079
0.20166054949749287
0.07958708482174748
1.9565592909673364
1.7167614811074423
3.148260448652506
0.42508249712821744
0.3576754730687782
0.4345168315601818
0.3086081588839688
0.34744553367714537
2.5062285132632405
2.517897879209518
0.7148116845040071
1.3902656751365559
0.6131320686377264
0.8604969848574624
0.278210686460131
0.40428403073005936
0.3274304278550602
0.42022527314902314
0.5554878526391608
0.13962245379040658
0.6406020125204464
0.6171833899893654
0.3916605788382254
0.3159458515624712
0.5195434797965742
0.6852758406899115
3.0847836273829037
0.5315833938319134
0.3161871577021524
0.37756227532523157
0.24114165184452582
0.16183513916733414
0.11370053698220035
0.16628473284167805
0.6430040169229589
0.34519135846420956
0.477841402599552
0.2045349405863756
0.48820190660725576
0.5161034518226978
1.6100603782504799
0.4522321555451918
0.37363342243266595
0.382891868771031
0.2070351994298997
0.31286015243641013
0.11835430894295215
0.28001493717176346
0.5552685565872288
0.31221448545323816
0.23717010327136062
0.2991842317191178
0.626711546667468
0.20238543874268017
5.064198153345992
9.130375914928003
6.65043201308099
2.2536594083079526
0.2784703419907348
4.168517727342934
10.666903459745498
1.422765122320254
0.9124648356167315
0.3573086665374622
1.9120436886290597
0.2505413747020692
0.3233166714227099
0.8348186868009002
1.6621710896399133
0.9483137019449778
1.0928343974354058
0.2269078088099686
2.9969531568228875
2.5362371022167602
0.23944087897071525
0.40872881178138315
0.306691634245149
0.3632630886186693
0.6971621471603026
0.5978868588556698
0.3345641432454588
0.7812559243752402
0.3592135376644106
0.33403083955902757
0.28667674406670224
0.35248587262844683
0.4619016920458325
0.2538238532114378
0.2581078163771649
1.0963787789182178
1.2510046139340634
0.4115088319425964
0.333983649455279
0.5602491429373784
0.355271339187955
0.5084401459494864
1.1527395089494994
0.38936114970787494
0.5345338178109468
1.0472999374735403
0.354862124169674
0.717319298297498
0.5474140168151329
0.20103133849733582
0.6001816659850668
0.4550264797949324
0.3808432686742616
0.3034963359624958
0.4989368219792876
0.27019239635144543
8.21542622378418
5.516028197149298
2.9390811393571097
